14399.8161252
1761.89527258
1860.96368258
1892.93576258
1989.05864258
2006.97869258
2163.07980258
2175.13795258
2272.19071258
2277.12273258
2359.22274258
2433.22384258
2472.30680258
2559.33883258
2570.28275258
2627.30421258
2696.39774258
2758.34470258
2809.48180258
2889.38519258
2940.52229258
3018.42778258
3043.53148258
3147.47037258
3156.61554258
3218.50748258
3319.67887258
3346.60244258
3376.70033258
3504.75891258
3509.66577258
3610.71345258
3635.79940258
3722.83143258
3796.79276258
3823.87911258
3867.82987258
3938.90605258
3954.86190258
4066.96463258
4067.94596258
4138.00174258
4224.04707258
4266.06032258
4353.09235258
4387.11040258
4481.15093258
4502.13734258
4601.20575258
4637.25204258
4715.24868258
4766.29463258
4772.27014258
4880.33756258
4901.31273258
4979.40597258
5087.39204258
5094.43291258
5200.47610258
5222.49149258
5287.50813258
5336.53442258
5358.54524258
5423.56645258
5480.58791258
5521.60857258
5609.63050258
5707.68788258
5710.67818258
5807.73094258
5821.73081258
5908.76284258
5936.77353258
6039.78272258
6045.82175258
6126.81475258
6142.87451258
6239.89881258
6271.91710258
6358.94913258
6367.99377258
6524.09488258
6545.02844258
6602.04990258
6661.15379258
6715.13396258
6772.15542258
6792.19428258
6871.22383258
6891.26269258
6999.31879258
7006.28963258
7107.33731258
7155.41990258
7244.39622258
7292.47881258
7393.52649258
7400.49733258
7508.55343258
7528.59229258
7607.62184258
7627.66070258
7684.68216258
7738.66233258
7797.76622258
7854.78768258
7875.72124258
8031.82235258
8040.86699258
8127.89902258
8159.91731258
8256.94161258
8273.00137258
8353.99437258
8360.03340258
8463.04259258
8491.05328258
8578.08531258
8592.08518258
8689.13794258
8692.12824258
8790.18562258
8878.20755258
8919.22821258
8976.24967258
9041.27088258
9063.28170258
9112.30799258
9177.32463258
9199.34002258
9305.38321258
9312.42408258
9420.41015258
9498.50339258
9519.47856258
9627.54598258
9633.52149258
9684.56744258
9762.56408258
9798.61037258
9897.67878258
9918.66519258
10012.7057226
10046.7237726
10133.7558026
10175.7690526
10261.8143826
10331.8701626
10332.8514926
10444.9542226
10460.9100726
10531.9862526
10575.9370126
10603.0233626
10676.9846926
10764.0167226
10789.1026726
10890.1503526
10895.0572126
11023.1157926
11053.2136826
11080.1372526
11181.3086426
11243.2005826
11252.3457526
11356.2846426
11381.3883426
11459.2938326
11510.4309326
11590.3343226
11641.4714226
11703.4183826
11772.5119126
11829.5333726
11840.4772926
11927.5093226
11966.5922826
12040.5933826
12122.6933926
12127.6254126
12224.6781726
12236.7363226
12392.8374326
12410.7574826
12506.8803626
12538.8524426
12637.9208526
